title:gunPerk

// Forbearance (Adept) (god-pve)
//notes: tags:god-pve
dimwishlist:item=4038592169&perks=3798852852,2822142346,855168139,598607952
dimwishlist:item=4038592169&perks=3798852852,2822142346,3797647183,598607952
dimwishlist:item=4038592169&perks=1844523823,2822142346,855168139,598607952
dimwishlist:item=4038592169&perks=1844523823,2822142346,3797647183,598607952


// Forbearance (Adept) (god-pve)
//notes: tags:god-pve
dimwishlist:item=4038592169&perks=1478423395,2822142346,3096702027,3592538738
dimwishlist:item=4038592169&perks=1478423395,2822142346,3096702027,2610012052
dimwishlist:item=4038592169&perks=1478423395,2822142346,3096702027,2209918983
dimwishlist:item=4038592169&perks=1478423395,2822142346,3096702027,2675361166
dimwishlist:item=4038592169&perks=1478423395,2822142346,3096702027,4290541820
dimwishlist:item=4038592169&perks=1478423395,2822142346,3096702027,2000295559
dimwishlist:item=4038592169&perks=1478423395,2822142346,3096702027,4049631843
dimwishlist:item=4038592169&perks=1478423395,2822142346,3096702027,3078487919
dimwishlist:item=4038592169&perks=1478423395,2822142346,3096702027,3425386926
dimwishlist:item=4038592169&perks=1478423395,2822142346,3096702027,859780267
dimwishlist:item=4038592169&perks=1478423395,2822142346,3096702027,3744057135
dimwishlist:item=4038592169&perks=1478423395,2822142346,3096702027,288411554
dimwishlist:item=4038592169&perks=1478423395,2822142346,3096702027,598607952
dimwishlist:item=4038592169&perks=1478423395,2822142346,3108830275,3592538738
dimwishlist:item=4038592169&perks=1478423395,2822142346,3108830275,2610012052
dimwishlist:item=4038592169&perks=1478423395,2822142346,3108830275,2209918983
dimwishlist:item=4038592169&perks=1478423395,2822142346,3108830275,2675361166
dimwishlist:item=4038592169&perks=1478423395,2822142346,3108830275,4290541820
dimwishlist:item=4038592169&perks=1478423395,2822142346,3108830275,2000295559
dimwishlist:item=4038592169&perks=1478423395,2822142346,3108830275,4049631843
dimwishlist:item=4038592169&perks=1478423395,2822142346,3108830275,3078487919
dimwishlist:item=4038592169&perks=1478423395,2822142346,3108830275,3425386926
dimwishlist:item=4038592169&perks=1478423395,2822142346,3108830275,859780267
dimwishlist:item=4038592169&perks=1478423395,2822142346,3108830275,3744057135
dimwishlist:item=4038592169&perks=1478423395,2822142346,3108830275,288411554
dimwishlist:item=4038592169&perks=1478423395,2822142346,3108830275,598607952
dimwishlist:item=4038592169&perks=1478423395,2822142346,1583705720,3592538738
dimwishlist:item=4038592169&perks=1478423395,2822142346,1583705720,2610012052
dimwishlist:item=4038592169&perks=1478423395,2822142346,1583705720,2209918983
dimwishlist:item=4038592169&perks=1478423395,2822142346,1583705720,2675361166
dimwishlist:item=4038592169&perks=1478423395,2822142346,1583705720,4290541820
dimwishlist:item=4038592169&perks=1478423395,2822142346,1583705720,2000295559
dimwishlist:item=4038592169&perks=1478423395,2822142346,1583705720,4049631843
dimwishlist:item=4038592169&perks=1478423395,2822142346,1583705720,3078487919
dimwishlist:item=4038592169&perks=1478423395,2822142346,1583705720,3425386926
dimwishlist:item=4038592169&perks=1478423395,2822142346,1583705720,859780267
dimwishlist:item=4038592169&perks=1478423395,2822142346,1583705720,3744057135
dimwishlist:item=4038592169&perks=1478423395,2822142346,1583705720,288411554
dimwishlist:item=4038592169&perks=1478423395,2822142346,1583705720,598607952
dimwishlist:item=4038592169&perks=1478423395,2822142346,1658784563,3592538738
dimwishlist:item=4038592169&perks=1478423395,2822142346,1658784563,2610012052
dimwishlist:item=4038592169&perks=1478423395,2822142346,1658784563,2209918983
dimwishlist:item=4038592169&perks=1478423395,2822142346,1658784563,2675361166
dimwishlist:item=4038592169&perks=1478423395,2822142346,1658784563,4290541820
dimwishlist:item=4038592169&perks=1478423395,2822142346,1658784563,2000295559
dimwishlist:item=4038592169&perks=1478423395,2822142346,1658784563,4049631843
dimwishlist:item=4038592169&perks=1478423395,2822142346,1658784563,3078487919
dimwishlist:item=4038592169&perks=1478423395,2822142346,1658784563,3425386926
dimwishlist:item=4038592169&perks=1478423395,2822142346,1658784563,859780267
dimwishlist:item=4038592169&perks=1478423395,2822142346,1658784563,3744057135
dimwishlist:item=4038592169&perks=1478423395,2822142346,1658784563,288411554
dimwishlist:item=4038592169&perks=1478423395,2822142346,1658784563,598607952
dimwishlist:item=4038592169&perks=1478423395,2822142346,855168139,3592538738
dimwishlist:item=4038592169&perks=1478423395,2822142346,855168139,2610012052
dimwishlist:item=4038592169&perks=1478423395,2822142346,855168139,2209918983
dimwishlist:item=4038592169&perks=1478423395,2822142346,855168139,2675361166
dimwishlist:item=4038592169&perks=1478423395,2822142346,855168139,4290541820
dimwishlist:item=4038592169&perks=1478423395,2822142346,855168139,2000295559
dimwishlist:item=4038592169&perks=1478423395,2822142346,855168139,4049631843
dimwishlist:item=4038592169&perks=1478423395,2822142346,855168139,3078487919
dimwishlist:item=4038592169&perks=1478423395,2822142346,855168139,3425386926
dimwishlist:item=4038592169&perks=1478423395,2822142346,855168139,859780267
dimwishlist:item=4038592169&perks=1478423395,2822142346,855168139,3744057135
dimwishlist:item=4038592169&perks=1478423395,2822142346,855168139,288411554
dimwishlist:item=4038592169&perks=1478423395,2822142346,855168139,598607952
dimwishlist:item=4038592169&perks=1478423395,2822142346,1409206216,3592538738
dimwishlist:item=4038592169&perks=1478423395,2822142346,1409206216,2610012052
dimwishlist:item=4038592169&perks=1478423395,2822142346,1409206216,2209918983
dimwishlist:item=4038592169&perks=1478423395,2822142346,1409206216,2675361166
dimwishlist:item=4038592169&perks=1478423395,2822142346,1409206216,4290541820
dimwishlist:item=4038592169&perks=1478423395,2822142346,1409206216,2000295559
dimwishlist:item=4038592169&perks=1478423395,2822142346,1409206216,4049631843
dimwishlist:item=4038592169&perks=1478423395,2822142346,1409206216,3078487919
dimwishlist:item=4038592169&perks=1478423395,2822142346,1409206216,3425386926
dimwishlist:item=4038592169&perks=1478423395,2822142346,1409206216,859780267
dimwishlist:item=4038592169&perks=1478423395,2822142346,1409206216,3744057135
dimwishlist:item=4038592169&perks=1478423395,2822142346,1409206216,288411554
dimwishlist:item=4038592169&perks=1478423395,2822142346,1409206216,598607952
dimwishlist:item=4038592169&perks=1478423395,2822142346,2172504645,3592538738
dimwishlist:item=4038592169&perks=1478423395,2822142346,2172504645,2610012052
dimwishlist:item=4038592169&perks=1478423395,2822142346,2172504645,2209918983
dimwishlist:item=4038592169&perks=1478423395,2822142346,2172504645,2675361166
dimwishlist:item=4038592169&perks=1478423395,2822142346,2172504645,4290541820
dimwishlist:item=4038592169&perks=1478423395,2822142346,2172504645,2000295559
dimwishlist:item=4038592169&perks=1478423395,2822142346,2172504645,4049631843
dimwishlist:item=4038592169&perks=1478423395,2822142346,2172504645,3078487919
dimwishlist:item=4038592169&perks=1478423395,2822142346,2172504645,3425386926
dimwishlist:item=4038592169&perks=1478423395,2822142346,2172504645,859780267
dimwishlist:item=4038592169&perks=1478423395,2822142346,2172504645,3744057135
dimwishlist:item=4038592169&perks=1478423395,2822142346,2172504645,288411554
dimwishlist:item=4038592169&perks=1478423395,2822142346,2172504645,598607952
dimwishlist:item=4038592169&perks=1478423395,2822142346,2010801679,3592538738
dimwishlist:item=4038592169&perks=1478423395,2822142346,2010801679,2610012052
dimwishlist:item=4038592169&perks=1478423395,2822142346,2010801679,2209918983
dimwishlist:item=4038592169&perks=1478423395,2822142346,2010801679,2675361166
dimwishlist:item=4038592169&perks=1478423395,2822142346,2010801679,4290541820
dimwishlist:item=4038592169&perks=1478423395,2822142346,2010801679,2000295559
dimwishlist:item=4038592169&perks=1478423395,2822142346,2010801679,4049631843
dimwishlist:item=4038592169&perks=1478423395,2822142346,2010801679,3078487919
dimwishlist:item=4038592169&perks=1478423395,2822142346,2010801679,3425386926
dimwishlist:item=4038592169&perks=1478423395,2822142346,2010801679,859780267
dimwishlist:item=4038592169&perks=1478423395,2822142346,2010801679,3744057135
dimwishlist:item=4038592169&perks=1478423395,2822142346,2010801679,288411554
dimwishlist:item=4038592169&perks=1478423395,2822142346,2010801679,598607952
dimwishlist:item=4038592169&perks=1478423395,2822142346,3436462433,3592538738
dimwishlist:item=4038592169&perks=1478423395,2822142346,3436462433,2610012052
dimwishlist:item=4038592169&perks=1478423395,2822142346,3436462433,2209918983
dimwishlist:item=4038592169&perks=1478423395,2822142346,3436462433,2675361166
dimwishlist:item=4038592169&perks=1478423395,2822142346,3436462433,4290541820
dimwishlist:item=4038592169&perks=1478423395,2822142346,3436462433,2000295559
dimwishlist:item=4038592169&perks=1478423395,2822142346,3436462433,4049631843
dimwishlist:item=4038592169&perks=1478423395,2822142346,3436462433,3078487919
dimwishlist:item=4038592169&perks=1478423395,2822142346,3436462433,3425386926
dimwishlist:item=4038592169&perks=1478423395,2822142346,3436462433,859780267
dimwishlist:item=4038592169&perks=1478423395,2822142346,3436462433,3744057135
dimwishlist:item=4038592169&perks=1478423395,2822142346,3436462433,288411554
dimwishlist:item=4038592169&perks=1478423395,2822142346,3436462433,598607952
dimwishlist:item=4038592169&perks=1478423395,2822142346,1172098417,3592538738
dimwishlist:item=4038592169&perks=1478423395,2822142346,1172098417,2610012052
dimwishlist:item=4038592169&perks=1478423395,2822142346,1172098417,2209918983
dimwishlist:item=4038592169&perks=1478423395,2822142346,1172098417,2675361166
dimwishlist:item=4038592169&perks=1478423395,2822142346,1172098417,4290541820
dimwishlist:item=4038592169&perks=1478423395,2822142346,1172098417,2000295559
dimwishlist:item=4038592169&perks=1478423395,2822142346,1172098417,4049631843
dimwishlist:item=4038592169&perks=1478423395,2822142346,1172098417,3078487919
dimwishlist:item=4038592169&perks=1478423395,2822142346,1172098417,3425386926
dimwishlist:item=4038592169&perks=1478423395,2822142346,1172098417,859780267
dimwishlist:item=4038592169&perks=1478423395,2822142346,1172098417,3744057135
dimwishlist:item=4038592169&perks=1478423395,2822142346,1172098417,288411554
dimwishlist:item=4038592169&perks=1478423395,2822142346,1172098417,598607952
dimwishlist:item=4038592169&perks=1478423395,2822142346,3797647183,3592538738
dimwishlist:item=4038592169&perks=1478423395,2822142346,3797647183,2610012052
dimwishlist:item=4038592169&perks=1478423395,2822142346,3797647183,2209918983
dimwishlist:item=4038592169&perks=1478423395,2822142346,3797647183,2675361166
dimwishlist:item=4038592169&perks=1478423395,2822142346,3797647183,4290541820
dimwishlist:item=4038592169&perks=1478423395,2822142346,3797647183,2000295559
dimwishlist:item=4038592169&perks=1478423395,2822142346,3797647183,4049631843
dimwishlist:item=4038592169&perks=1478423395,2822142346,3797647183,3078487919
dimwishlist:item=4038592169&perks=1478423395,2822142346,3797647183,3425386926
dimwishlist:item=4038592169&perks=1478423395,2822142346,3797647183,859780267
dimwishlist:item=4038592169&perks=1478423395,2822142346,3797647183,3744057135
dimwishlist:item=4038592169&perks=1478423395,2822142346,3797647183,288411554
dimwishlist:item=4038592169&perks=1478423395,2822142346,3797647183,598607952
dimwishlist:item=4038592169&perks=1478423395,2822142346,2658083589,3592538738
dimwishlist:item=4038592169&perks=1478423395,2822142346,2658083589,2610012052
dimwishlist:item=4038592169&perks=1478423395,2822142346,2658083589,2209918983
dimwishlist:item=4038592169&perks=1478423395,2822142346,2658083589,2675361166
dimwishlist:item=4038592169&perks=1478423395,2822142346,2658083589,4290541820
dimwishlist:item=4038592169&perks=1478423395,2822142346,2658083589,2000295559
dimwishlist:item=4038592169&perks=1478423395,2822142346,2658083589,4049631843
dimwishlist:item=4038592169&perks=1478423395,2822142346,2658083589,3078487919
dimwishlist:item=4038592169&perks=1478423395,2822142346,2658083589,3425386926
dimwishlist:item=4038592169&perks=1478423395,2822142346,2658083589,859780267
dimwishlist:item=4038592169&perks=1478423395,2822142346,2658083589,3744057135
dimwishlist:item=4038592169&perks=1478423395,2822142346,2658083589,288411554
dimwishlist:item=4038592169&perks=1478423395,2822142346,2658083589,598607952
dimwishlist:item=4038592169&perks=1478423395,2822142346,843318450,3592538738
dimwishlist:item=4038592169&perks=1478423395,2822142346,843318450,2610012052
dimwishlist:item=4038592169&perks=1478423395,2822142346,843318450,2209918983
dimwishlist:item=4038592169&perks=1478423395,2822142346,843318450,2675361166
dimwishlist:item=4038592169&perks=1478423395,2822142346,843318450,4290541820
dimwishlist:item=4038592169&perks=1478423395,2822142346,843318450,2000295559
dimwishlist:item=4038592169&perks=1478423395,2822142346,843318450,4049631843
dimwishlist:item=4038592169&perks=1478423395,2822142346,843318450,3078487919
dimwishlist:item=4038592169&perks=1478423395,2822142346,843318450,3425386926
dimwishlist:item=4038592169&perks=1478423395,2822142346,843318450,859780267
dimwishlist:item=4038592169&perks=1478423395,2822142346,843318450,3744057135
dimwishlist:item=4038592169&perks=1478423395,2822142346,843318450,288411554
dimwishlist:item=4038592169&perks=1478423395,2822142346,843318450,598607952
dimwishlist:item=4038592169&perks=3809316345,2822142346,3096702027,3592538738
dimwishlist:item=4038592169&perks=3809316345,2822142346,3096702027,2610012052
dimwishlist:item=4038592169&perks=3809316345,2822142346,3096702027,2209918983
dimwishlist:item=4038592169&perks=3809316345,2822142346,3096702027,2675361166
dimwishlist:item=4038592169&perks=3809316345,2822142346,3096702027,4290541820
dimwishlist:item=4038592169&perks=3809316345,2822142346,3096702027,2000295559
dimwishlist:item=4038592169&perks=3809316345,2822142346,3096702027,4049631843
dimwishlist:item=4038592169&perks=3809316345,2822142346,3096702027,3078487919
dimwishlist:item=4038592169&perks=3809316345,2822142346,3096702027,3425386926
dimwishlist:item=4038592169&perks=3809316345,2822142346,3096702027,859780267
dimwishlist:item=4038592169&perks=3809316345,2822142346,3096702027,3744057135
dimwishlist:item=4038592169&perks=3809316345,2822142346,3096702027,288411554
dimwishlist:item=4038592169&perks=3809316345,2822142346,3096702027,598607952
dimwishlist:item=4038592169&perks=3809316345,2822142346,3108830275,3592538738
dimwishlist:item=4038592169&perks=3809316345,2822142346,3108830275,2610012052
dimwishlist:item=4038592169&perks=3809316345,2822142346,3108830275,2209918983
dimwishlist:item=4038592169&perks=3809316345,2822142346,3108830275,2675361166
dimwishlist:item=4038592169&perks=3809316345,2822142346,3108830275,4290541820
dimwishlist:item=4038592169&perks=3809316345,2822142346,3108830275,2000295559
dimwishlist:item=4038592169&perks=3809316345,2822142346,3108830275,4049631843
dimwishlist:item=4038592169&perks=3809316345,2822142346,3108830275,3078487919
dimwishlist:item=4038592169&perks=3809316345,2822142346,3108830275,3425386926
dimwishlist:item=4038592169&perks=3809316345,2822142346,3108830275,859780267
dimwishlist:item=4038592169&perks=3809316345,2822142346,3108830275,3744057135
dimwishlist:item=4038592169&perks=3809316345,2822142346,3108830275,288411554
dimwishlist:item=4038592169&perks=3809316345,2822142346,3108830275,598607952
dimwishlist:item=4038592169&perks=3809316345,2822142346,1583705720,3592538738
dimwishlist:item=4038592169&perks=3809316345,2822142346,1583705720,2610012052
dimwishlist:item=4038592169&perks=3809316345,2822142346,1583705720,2209918983
dimwishlist:item=4038592169&perks=3809316345,2822142346,1583705720,2675361166
dimwishlist:item=4038592169&perks=3809316345,2822142346,1583705720,4290541820
dimwishlist:item=4038592169&perks=3809316345,2822142346,1583705720,2000295559
dimwishlist:item=4038592169&perks=3809316345,2822142346,1583705720,4049631843
dimwishlist:item=4038592169&perks=3809316345,2822142346,1583705720,3078487919
dimwishlist:item=4038592169&perks=3809316345,2822142346,1583705720,3425386926
dimwishlist:item=4038592169&perks=3809316345,2822142346,1583705720,859780267
dimwishlist:item=4038592169&perks=3809316345,2822142346,1583705720,3744057135
dimwishlist:item=4038592169&perks=3809316345,2822142346,1583705720,288411554
dimwishlist:item=4038592169&perks=3809316345,2822142346,1583705720,598607952
dimwishlist:item=4038592169&perks=3809316345,2822142346,1658784563,3592538738
dimwishlist:item=4038592169&perks=3809316345,2822142346,1658784563,2610012052
dimwishlist:item=4038592169&perks=3809316345,2822142346,1658784563,2209918983
dimwishlist:item=4038592169&perks=3809316345,2822142346,1658784563,2675361166
dimwishlist:item=4038592169&perks=3809316345,2822142346,1658784563,4290541820
dimwishlist:item=4038592169&perks=3809316345,2822142346,1658784563,2000295559
dimwishlist:item=4038592169&perks=3809316345,2822142346,1658784563,4049631843
dimwishlist:item=4038592169&perks=3809316345,2822142346,1658784563,3078487919
dimwishlist:item=4038592169&perks=3809316345,2822142346,1658784563,3425386926
dimwishlist:item=4038592169&perks=3809316345,2822142346,1658784563,859780267
dimwishlist:item=4038592169&perks=3809316345,2822142346,1658784563,3744057135
dimwishlist:item=4038592169&perks=3809316345,2822142346,1658784563,288411554
dimwishlist:item=4038592169&perks=3809316345,2822142346,1658784563,598607952
dimwishlist:item=4038592169&perks=3809316345,2822142346,855168139,3592538738
dimwishlist:item=4038592169&perks=3809316345,2822142346,855168139,2610012052
dimwishlist:item=4038592169&perks=3809316345,2822142346,855168139,2209918983
dimwishlist:item=4038592169&perks=3809316345,2822142346,855168139,2675361166
dimwishlist:item=4038592169&perks=3809316345,2822142346,855168139,4290541820
dimwishlist:item=4038592169&perks=3809316345,2822142346,855168139,2000295559
dimwishlist:item=4038592169&perks=3809316345,2822142346,855168139,4049631843
dimwishlist:item=4038592169&perks=3809316345,2822142346,855168139,3078487919
dimwishlist:item=4038592169&perks=3809316345,2822142346,855168139,3425386926
dimwishlist:item=4038592169&perks=3809316345,2822142346,855168139,859780267
dimwishlist:item=4038592169&perks=3809316345,2822142346,855168139,3744057135
dimwishlist:item=4038592169&perks=3809316345,2822142346,855168139,288411554
dimwishlist:item=4038592169&perks=3809316345,2822142346,855168139,598607952
dimwishlist:item=4038592169&perks=3809316345,2822142346,1409206216,3592538738
dimwishlist:item=4038592169&perks=3809316345,2822142346,1409206216,2610012052
dimwishlist:item=4038592169&perks=3809316345,2822142346,1409206216,2209918983
dimwishlist:item=4038592169&perks=3809316345,2822142346,1409206216,2675361166
dimwishlist:item=4038592169&perks=3809316345,2822142346,1409206216,4290541820
dimwishlist:item=4038592169&perks=3809316345,2822142346,1409206216,2000295559
dimwishlist:item=4038592169&perks=3809316345,2822142346,1409206216,4049631843
dimwishlist:item=4038592169&perks=3809316345,2822142346,1409206216,3078487919
dimwishlist:item=4038592169&perks=3809316345,2822142346,1409206216,3425386926
dimwishlist:item=4038592169&perks=3809316345,2822142346,1409206216,859780267
dimwishlist:item=4038592169&perks=3809316345,2822142346,1409206216,3744057135
dimwishlist:item=4038592169&perks=3809316345,2822142346,1409206216,288411554
dimwishlist:item=4038592169&perks=3809316345,2822142346,1409206216,598607952
dimwishlist:item=4038592169&perks=3809316345,2822142346,2172504645,3592538738
dimwishlist:item=4038592169&perks=3809316345,2822142346,2172504645,2610012052
dimwishlist:item=4038592169&perks=3809316345,2822142346,2172504645,2209918983
dimwishlist:item=4038592169&perks=3809316345,2822142346,2172504645,2675361166
dimwishlist:item=4038592169&perks=3809316345,2822142346,2172504645,4290541820
dimwishlist:item=4038592169&perks=3809316345,2822142346,2172504645,2000295559
dimwishlist:item=4038592169&perks=3809316345,2822142346,2172504645,4049631843
dimwishlist:item=4038592169&perks=3809316345,2822142346,2172504645,3078487919
dimwishlist:item=4038592169&perks=3809316345,2822142346,2172504645,3425386926
dimwishlist:item=4038592169&perks=3809316345,2822142346,2172504645,859780267
dimwishlist:item=4038592169&perks=3809316345,2822142346,2172504645,3744057135
dimwishlist:item=4038592169&perks=3809316345,2822142346,2172504645,288411554
dimwishlist:item=4038592169&perks=3809316345,2822142346,2172504645,598607952
dimwishlist:item=4038592169&perks=3809316345,2822142346,2010801679,3592538738
dimwishlist:item=4038592169&perks=3809316345,2822142346,2010801679,2610012052
dimwishlist:item=4038592169&perks=3809316345,2822142346,2010801679,2209918983
dimwishlist:item=4038592169&perks=3809316345,2822142346,2010801679,2675361166
dimwishlist:item=4038592169&perks=3809316345,2822142346,2010801679,4290541820
dimwishlist:item=4038592169&perks=3809316345,2822142346,2010801679,2000295559
dimwishlist:item=4038592169&perks=3809316345,2822142346,2010801679,4049631843
dimwishlist:item=4038592169&perks=3809316345,2822142346,2010801679,3078487919
dimwishlist:item=4038592169&perks=3809316345,2822142346,2010801679,3425386926
dimwishlist:item=4038592169&perks=3809316345,2822142346,2010801679,859780267
dimwishlist:item=4038592169&perks=3809316345,2822142346,2010801679,3744057135
dimwishlist:item=4038592169&perks=3809316345,2822142346,2010801679,288411554
dimwishlist:item=4038592169&perks=3809316345,2822142346,2010801679,598607952
dimwishlist:item=4038592169&perks=3809316345,2822142346,3436462433,3592538738
dimwishlist:item=4038592169&perks=3809316345,2822142346,3436462433,2610012052
dimwishlist:item=4038592169&perks=3809316345,2822142346,3436462433,2209918983
dimwishlist:item=4038592169&perks=3809316345,2822142346,3436462433,2675361166
dimwishlist:item=4038592169&perks=3809316345,2822142346,3436462433,4290541820
dimwishlist:item=4038592169&perks=3809316345,2822142346,3436462433,2000295559
dimwishlist:item=4038592169&perks=3809316345,2822142346,3436462433,4049631843
dimwishlist:item=4038592169&perks=3809316345,2822142346,3436462433,3078487919
dimwishlist:item=4038592169&perks=3809316345,2822142346,3436462433,3425386926
dimwishlist:item=4038592169&perks=3809316345,2822142346,3436462433,859780267
dimwishlist:item=4038592169&perks=3809316345,2822142346,3436462433,3744057135
dimwishlist:item=4038592169&perks=3809316345,2822142346,3436462433,288411554
dimwishlist:item=4038592169&perks=3809316345,2822142346,3436462433,598607952
dimwishlist:item=4038592169&perks=3809316345,2822142346,1172098417,3592538738
dimwishlist:item=4038592169&perks=3809316345,2822142346,1172098417,2610012052
dimwishlist:item=4038592169&perks=3809316345,2822142346,1172098417,2209918983
dimwishlist:item=4038592169&perks=3809316345,2822142346,1172098417,2675361166
dimwishlist:item=4038592169&perks=3809316345,2822142346,1172098417,4290541820
dimwishlist:item=4038592169&perks=3809316345,2822142346,1172098417,2000295559
dimwishlist:item=4038592169&perks=3809316345,2822142346,1172098417,4049631843
dimwishlist:item=4038592169&perks=3809316345,2822142346,1172098417,3078487919
dimwishlist:item=4038592169&perks=3809316345,2822142346,1172098417,3425386926
dimwishlist:item=4038592169&perks=3809316345,2822142346,1172098417,859780267
dimwishlist:item=4038592169&perks=3809316345,2822142346,1172098417,3744057135
dimwishlist:item=4038592169&perks=3809316345,2822142346,1172098417,288411554
dimwishlist:item=4038592169&perks=3809316345,2822142346,1172098417,598607952
dimwishlist:item=4038592169&perks=3809316345,2822142346,3797647183,3592538738
dimwishlist:item=4038592169&perks=3809316345,2822142346,3797647183,2610012052
dimwishlist:item=4038592169&perks=3809316345,2822142346,3797647183,2209918983
dimwishlist:item=4038592169&perks=3809316345,2822142346,3797647183,2675361166
dimwishlist:item=4038592169&perks=3809316345,2822142346,3797647183,4290541820
dimwishlist:item=4038592169&perks=3809316345,2822142346,3797647183,2000295559
dimwishlist:item=4038592169&perks=3809316345,2822142346,3797647183,4049631843
dimwishlist:item=4038592169&perks=3809316345,2822142346,3797647183,3078487919
dimwishlist:item=4038592169&perks=3809316345,2822142346,3797647183,3425386926
dimwishlist:item=4038592169&perks=3809316345,2822142346,3797647183,859780267
dimwishlist:item=4038592169&perks=3809316345,2822142346,3797647183,3744057135
dimwishlist:item=4038592169&perks=3809316345,2822142346,3797647183,288411554
dimwishlist:item=4038592169&perks=3809316345,2822142346,3797647183,598607952
dimwishlist:item=4038592169&perks=3809316345,2822142346,2658083589,3592538738
dimwishlist:item=4038592169&perks=3809316345,2822142346,2658083589,2610012052
dimwishlist:item=4038592169&perks=3809316345,2822142346,2658083589,2209918983
dimwishlist:item=4038592169&perks=3809316345,2822142346,2658083589,2675361166
dimwishlist:item=4038592169&perks=3809316345,2822142346,2658083589,4290541820
dimwishlist:item=4038592169&perks=3809316345,2822142346,2658083589,2000295559
dimwishlist:item=4038592169&perks=3809316345,2822142346,2658083589,4049631843
dimwishlist:item=4038592169&perks=3809316345,2822142346,2658083589,3078487919
dimwishlist:item=4038592169&perks=3809316345,2822142346,2658083589,3425386926
dimwishlist:item=4038592169&perks=3809316345,2822142346,2658083589,859780267
dimwishlist:item=4038592169&perks=3809316345,2822142346,2658083589,3744057135
dimwishlist:item=4038592169&perks=3809316345,2822142346,2658083589,288411554
dimwishlist:item=4038592169&perks=3809316345,2822142346,2658083589,598607952
dimwishlist:item=4038592169&perks=3809316345,2822142346,843318450,3592538738
dimwishlist:item=4038592169&perks=3809316345,2822142346,843318450,2610012052
dimwishlist:item=4038592169&perks=3809316345,2822142346,843318450,2209918983
dimwishlist:item=4038592169&perks=3809316345,2822142346,843318450,2675361166
dimwishlist:item=4038592169&perks=3809316345,2822142346,843318450,4290541820
dimwishlist:item=4038592169&perks=3809316345,2822142346,843318450,2000295559
dimwishlist:item=4038592169&perks=3809316345,2822142346,843318450,4049631843
dimwishlist:item=4038592169&perks=3809316345,2822142346,843318450,3078487919
dimwishlist:item=4038592169&perks=3809316345,2822142346,843318450,3425386926
dimwishlist:item=4038592169&perks=3809316345,2822142346,843318450,859780267
dimwishlist:item=4038592169&perks=3809316345,2822142346,843318450,3744057135
dimwishlist:item=4038592169&perks=3809316345,2822142346,843318450,288411554
dimwishlist:item=4038592169&perks=3809316345,2822142346,843318450,598607952
dimwishlist:item=4038592169&perks=1844523823,2822142346,3096702027,3592538738
dimwishlist:item=4038592169&perks=1844523823,2822142346,3096702027,2610012052
dimwishlist:item=4038592169&perks=1844523823,2822142346,3096702027,2209918983
dimwishlist:item=4038592169&perks=1844523823,2822142346,3096702027,2675361166
dimwishlist:item=4038592169&perks=1844523823,2822142346,3096702027,4290541820
dimwishlist:item=4038592169&perks=1844523823,2822142346,3096702027,2000295559
dimwishlist:item=4038592169&perks=1844523823,2822142346,3096702027,4049631843
dimwishlist:item=4038592169&perks=1844523823,2822142346,3096702027,3078487919
dimwishlist:item=4038592169&perks=1844523823,2822142346,3096702027,3425386926
dimwishlist:item=4038592169&perks=1844523823,2822142346,3096702027,859780267
dimwishlist:item=4038592169&perks=1844523823,2822142346,3096702027,3744057135
dimwishlist:item=4038592169&perks=1844523823,2822142346,3096702027,288411554
dimwishlist:item=4038592169&perks=1844523823,2822142346,3096702027,598607952
dimwishlist:item=4038592169&perks=1844523823,2822142346,3108830275,3592538738
dimwishlist:item=4038592169&perks=1844523823,2822142346,3108830275,2610012052
dimwishlist:item=4038592169&perks=1844523823,2822142346,3108830275,2209918983
dimwishlist:item=4038592169&perks=1844523823,2822142346,3108830275,2675361166
dimwishlist:item=4038592169&perks=1844523823,2822142346,3108830275,4290541820
dimwishlist:item=4038592169&perks=1844523823,2822142346,3108830275,2000295559
dimwishlist:item=4038592169&perks=1844523823,2822142346,3108830275,4049631843
dimwishlist:item=4038592169&perks=1844523823,2822142346,3108830275,3078487919
dimwishlist:item=4038592169&perks=1844523823,2822142346,3108830275,3425386926
dimwishlist:item=4038592169&perks=1844523823,2822142346,3108830275,859780267
dimwishlist:item=4038592169&perks=1844523823,2822142346,3108830275,3744057135
dimwishlist:item=4038592169&perks=1844523823,2822142346,3108830275,288411554
dimwishlist:item=4038592169&perks=1844523823,2822142346,3108830275,598607952
dimwishlist:item=4038592169&perks=1844523823,2822142346,1583705720,3592538738
dimwishlist:item=4038592169&perks=1844523823,2822142346,1583705720,2610012052
dimwishlist:item=4038592169&perks=1844523823,2822142346,1583705720,2209918983
dimwishlist:item=4038592169&perks=1844523823,2822142346,1583705720,2675361166
dimwishlist:item=4038592169&perks=1844523823,2822142346,1583705720,4290541820
dimwishlist:item=4038592169&perks=1844523823,2822142346,1583705720,2000295559
dimwishlist:item=4038592169&perks=1844523823,2822142346,1583705720,4049631843
dimwishlist:item=4038592169&perks=1844523823,2822142346,1583705720,3078487919
dimwishlist:item=4038592169&perks=1844523823,2822142346,1583705720,3425386926
dimwishlist:item=4038592169&perks=1844523823,2822142346,1583705720,859780267
dimwishlist:item=4038592169&perks=1844523823,2822142346,1583705720,3744057135
dimwishlist:item=4038592169&perks=1844523823,2822142346,1583705720,288411554
dimwishlist:item=4038592169&perks=1844523823,2822142346,1583705720,598607952
dimwishlist:item=4038592169&perks=1844523823,2822142346,1658784563,3592538738
dimwishlist:item=4038592169&perks=1844523823,2822142346,1658784563,2610012052
dimwishlist:item=4038592169&perks=1844523823,2822142346,1658784563,2209918983
dimwishlist:item=4038592169&perks=1844523823,2822142346,1658784563,2675361166
dimwishlist:item=4038592169&perks=1844523823,2822142346,1658784563,4290541820
dimwishlist:item=4038592169&perks=1844523823,2822142346,1658784563,2000295559
dimwishlist:item=4038592169&perks=1844523823,2822142346,1658784563,4049631843
dimwishlist:item=4038592169&perks=1844523823,2822142346,1658784563,3078487919
dimwishlist:item=4038592169&perks=1844523823,2822142346,1658784563,3425386926
dimwishlist:item=4038592169&perks=1844523823,2822142346,1658784563,859780267
dimwishlist:item=4038592169&perks=1844523823,2822142346,1658784563,3744057135
dimwishlist:item=4038592169&perks=1844523823,2822142346,1658784563,288411554
dimwishlist:item=4038592169&perks=1844523823,2822142346,1658784563,598607952
dimwishlist:item=4038592169&perks=1844523823,2822142346,855168139,3592538738
dimwishlist:item=4038592169&perks=1844523823,2822142346,855168139,2610012052
dimwishlist:item=4038592169&perks=1844523823,2822142346,855168139,2209918983
dimwishlist:item=4038592169&perks=1844523823,2822142346,855168139,2675361166
dimwishlist:item=4038592169&perks=1844523823,2822142346,855168139,4290541820
dimwishlist:item=4038592169&perks=1844523823,2822142346,855168139,2000295559
dimwishlist:item=4038592169&perks=1844523823,2822142346,855168139,4049631843
dimwishlist:item=4038592169&perks=1844523823,2822142346,855168139,3078487919
dimwishlist:item=4038592169&perks=1844523823,2822142346,855168139,3425386926
dimwishlist:item=4038592169&perks=1844523823,2822142346,855168139,859780267
dimwishlist:item=4038592169&perks=1844523823,2822142346,855168139,3744057135
dimwishlist:item=4038592169&perks=1844523823,2822142346,855168139,288411554
dimwishlist:item=4038592169&perks=1844523823,2822142346,855168139,598607952
dimwishlist:item=4038592169&perks=1844523823,2822142346,1409206216,3592538738
dimwishlist:item=4038592169&perks=1844523823,2822142346,1409206216,2610012052
dimwishlist:item=4038592169&perks=1844523823,2822142346,1409206216,2209918983
dimwishlist:item=4038592169&perks=1844523823,2822142346,1409206216,2675361166
dimwishlist:item=4038592169&perks=1844523823,2822142346,1409206216,4290541820
dimwishlist:item=4038592169&perks=1844523823,2822142346,1409206216,2000295559
dimwishlist:item=4038592169&perks=1844523823,2822142346,1409206216,4049631843
dimwishlist:item=4038592169&perks=1844523823,2822142346,1409206216,3078487919
dimwishlist:item=4038592169&perks=1844523823,2822142346,1409206216,3425386926
dimwishlist:item=4038592169&perks=1844523823,2822142346,1409206216,859780267
dimwishlist:item=4038592169&perks=1844523823,2822142346,1409206216,3744057135
dimwishlist:item=4038592169&perks=1844523823,2822142346,1409206216,288411554
dimwishlist:item=4038592169&perks=1844523823,2822142346,1409206216,598607952
dimwishlist:item=4038592169&perks=1844523823,2822142346,2172504645,3592538738
dimwishlist:item=4038592169&perks=1844523823,2822142346,2172504645,2610012052
dimwishlist:item=4038592169&perks=1844523823,2822142346,2172504645,2209918983
dimwishlist:item=4038592169&perks=1844523823,2822142346,2172504645,2675361166
dimwishlist:item=4038592169&perks=1844523823,2822142346,2172504645,4290541820
dimwishlist:item=4038592169&perks=1844523823,2822142346,2172504645,2000295559
dimwishlist:item=4038592169&perks=1844523823,2822142346,2172504645,4049631843
dimwishlist:item=4038592169&perks=1844523823,2822142346,2172504645,3078487919
dimwishlist:item=4038592169&perks=1844523823,2822142346,2172504645,3425386926
dimwishlist:item=4038592169&perks=1844523823,2822142346,2172504645,859780267
dimwishlist:item=4038592169&perks=1844523823,2822142346,2172504645,3744057135
dimwishlist:item=4038592169&perks=1844523823,2822142346,2172504645,288411554
dimwishlist:item=4038592169&perks=1844523823,2822142346,2172504645,598607952
dimwishlist:item=4038592169&perks=1844523823,2822142346,2010801679,3592538738
dimwishlist:item=4038592169&perks=1844523823,2822142346,2010801679,2610012052
dimwishlist:item=4038592169&perks=1844523823,2822142346,2010801679,2209918983
dimwishlist:item=4038592169&perks=1844523823,2822142346,2010801679,2675361166
dimwishlist:item=4038592169&perks=1844523823,2822142346,2010801679,4290541820
dimwishlist:item=4038592169&perks=1844523823,2822142346,2010801679,2000295559
dimwishlist:item=4038592169&perks=1844523823,2822142346,2010801679,4049631843
dimwishlist:item=4038592169&perks=1844523823,2822142346,2010801679,3078487919
dimwishlist:item=4038592169&perks=1844523823,2822142346,2010801679,3425386926
dimwishlist:item=4038592169&perks=1844523823,2822142346,2010801679,859780267
dimwishlist:item=4038592169&perks=1844523823,2822142346,2010801679,3744057135
dimwishlist:item=4038592169&perks=1844523823,2822142346,2010801679,288411554
dimwishlist:item=4038592169&perks=1844523823,2822142346,2010801679,598607952
dimwishlist:item=4038592169&perks=1844523823,2822142346,3436462433,3592538738
dimwishlist:item=4038592169&perks=1844523823,2822142346,3436462433,2610012052
dimwishlist:item=4038592169&perks=1844523823,2822142346,3436462433,2209918983
dimwishlist:item=4038592169&perks=1844523823,2822142346,3436462433,2675361166
dimwishlist:item=4038592169&perks=1844523823,2822142346,3436462433,4290541820
dimwishlist:item=4038592169&perks=1844523823,2822142346,3436462433,2000295559
dimwishlist:item=4038592169&perks=1844523823,2822142346,3436462433,4049631843
dimwishlist:item=4038592169&perks=1844523823,2822142346,3436462433,3078487919
dimwishlist:item=4038592169&perks=1844523823,2822142346,3436462433,3425386926
dimwishlist:item=4038592169&perks=1844523823,2822142346,3436462433,859780267
dimwishlist:item=4038592169&perks=1844523823,2822142346,3436462433,3744057135
dimwishlist:item=4038592169&perks=1844523823,2822142346,3436462433,288411554
dimwishlist:item=4038592169&perks=1844523823,2822142346,3436462433,598607952
dimwishlist:item=4038592169&perks=1844523823,2822142346,1172098417,3592538738
dimwishlist:item=4038592169&perks=1844523823,2822142346,1172098417,2610012052
dimwishlist:item=4038592169&perks=1844523823,2822142346,1172098417,2209918983
dimwishlist:item=4038592169&perks=1844523823,2822142346,1172098417,2675361166
dimwishlist:item=4038592169&perks=1844523823,2822142346,1172098417,4290541820
dimwishlist:item=4038592169&perks=1844523823,2822142346,1172098417,2000295559
dimwishlist:item=4038592169&perks=1844523823,2822142346,1172098417,4049631843
dimwishlist:item=4038592169&perks=1844523823,2822142346,1172098417,3078487919
dimwishlist:item=4038592169&perks=1844523823,2822142346,1172098417,3425386926
dimwishlist:item=4038592169&perks=1844523823,2822142346,1172098417,859780267
dimwishlist:item=4038592169&perks=1844523823,2822142346,1172098417,3744057135
dimwishlist:item=4038592169&perks=1844523823,2822142346,1172098417,288411554
dimwishlist:item=4038592169&perks=1844523823,2822142346,1172098417,598607952
dimwishlist:item=4038592169&perks=1844523823,2822142346,3797647183,3592538738
dimwishlist:item=4038592169&perks=1844523823,2822142346,3797647183,2610012052
dimwishlist:item=4038592169&perks=1844523823,2822142346,3797647183,2209918983
dimwishlist:item=4038592169&perks=1844523823,2822142346,3797647183,2675361166
dimwishlist:item=4038592169&perks=1844523823,2822142346,3797647183,4290541820
dimwishlist:item=4038592169&perks=1844523823,2822142346,3797647183,2000295559
dimwishlist:item=4038592169&perks=1844523823,2822142346,3797647183,4049631843
dimwishlist:item=4038592169&perks=1844523823,2822142346,3797647183,3078487919
dimwishlist:item=4038592169&perks=1844523823,2822142346,3797647183,3425386926
dimwishlist:item=4038592169&perks=1844523823,2822142346,3797647183,859780267
dimwishlist:item=4038592169&perks=1844523823,2822142346,3797647183,3744057135
dimwishlist:item=4038592169&perks=1844523823,2822142346,3797647183,288411554
dimwishlist:item=4038592169&perks=1844523823,2822142346,3797647183,598607952
dimwishlist:item=4038592169&perks=1844523823,2822142346,2658083589,3592538738
dimwishlist:item=4038592169&perks=1844523823,2822142346,2658083589,2610012052
dimwishlist:item=4038592169&perks=1844523823,2822142346,2658083589,2209918983
dimwishlist:item=4038592169&perks=1844523823,2822142346,2658083589,2675361166
dimwishlist:item=4038592169&perks=1844523823,2822142346,2658083589,4290541820
dimwishlist:item=4038592169&perks=1844523823,2822142346,2658083589,2000295559
dimwishlist:item=4038592169&perks=1844523823,2822142346,2658083589,4049631843
dimwishlist:item=4038592169&perks=1844523823,2822142346,2658083589,3078487919
dimwishlist:item=4038592169&perks=1844523823,2822142346,2658083589,3425386926
dimwishlist:item=4038592169&perks=1844523823,2822142346,2658083589,859780267
dimwishlist:item=4038592169&perks=1844523823,2822142346,2658083589,3744057135
dimwishlist:item=4038592169&perks=1844523823,2822142346,2658083589,288411554
dimwishlist:item=4038592169&perks=1844523823,2822142346,2658083589,598607952
dimwishlist:item=4038592169&perks=1844523823,2822142346,843318450,3592538738
dimwishlist:item=4038592169&perks=1844523823,2822142346,843318450,2610012052
dimwishlist:item=4038592169&perks=1844523823,2822142346,843318450,2209918983
dimwishlist:item=4038592169&perks=1844523823,2822142346,843318450,2675361166
dimwishlist:item=4038592169&perks=1844523823,2822142346,843318450,4290541820
dimwishlist:item=4038592169&perks=1844523823,2822142346,843318450,2000295559
dimwishlist:item=4038592169&perks=1844523823,2822142346,843318450,4049631843
dimwishlist:item=4038592169&perks=1844523823,2822142346,843318450,3078487919
dimwishlist:item=4038592169&perks=1844523823,2822142346,843318450,3425386926
dimwishlist:item=4038592169&perks=1844523823,2822142346,843318450,859780267
dimwishlist:item=4038592169&perks=1844523823,2822142346,843318450,3744057135
dimwishlist:item=4038592169&perks=1844523823,2822142346,843318450,288411554
dimwishlist:item=4038592169&perks=1844523823,2822142346,843318450,598607952
dimwishlist:item=4038592169&perks=981914802,2822142346,3096702027,3592538738
dimwishlist:item=4038592169&perks=981914802,2822142346,3096702027,2610012052
dimwishlist:item=4038592169&perks=981914802,2822142346,3096702027,2209918983
dimwishlist:item=4038592169&perks=981914802,2822142346,3096702027,2675361166
dimwishlist:item=4038592169&perks=981914802,2822142346,3096702027,4290541820
dimwishlist:item=4038592169&perks=981914802,2822142346,3096702027,2000295559
dimwishlist:item=4038592169&perks=981914802,2822142346,3096702027,4049631843
dimwishlist:item=4038592169&perks=981914802,2822142346,3096702027,3078487919
dimwishlist:item=4038592169&perks=981914802,2822142346,3096702027,3425386926
dimwishlist:item=4038592169&perks=981914802,2822142346,3096702027,859780267
dimwishlist:item=4038592169&perks=981914802,2822142346,3096702027,3744057135
dimwishlist:item=4038592169&perks=981914802,2822142346,3096702027,288411554
dimwishlist:item=4038592169&perks=981914802,2822142346,3096702027,598607952
dimwishlist:item=4038592169&perks=981914802,2822142346,3108830275,3592538738
dimwishlist:item=4038592169&perks=981914802,2822142346,3108830275,2610012052
dimwishlist:item=4038592169&perks=981914802,2822142346,3108830275,2209918983
dimwishlist:item=4038592169&perks=981914802,2822142346,3108830275,2675361166
dimwishlist:item=4038592169&perks=981914802,2822142346,3108830275,4290541820
dimwishlist:item=4038592169&perks=981914802,2822142346,3108830275,2000295559
dimwishlist:item=4038592169&perks=981914802,2822142346,3108830275,4049631843
dimwishlist:item=4038592169&perks=981914802,2822142346,3108830275,3078487919
dimwishlist:item=4038592169&perks=981914802,2822142346,3108830275,3425386926
dimwishlist:item=4038592169&perks=981914802,2822142346,3108830275,859780267
dimwishlist:item=4038592169&perks=981914802,2822142346,3108830275,3744057135
dimwishlist:item=4038592169&perks=981914802,2822142346,3108830275,288411554
dimwishlist:item=4038592169&perks=981914802,2822142346,3108830275,598607952
dimwishlist:item=4038592169&perks=981914802,2822142346,1583705720,3592538738
dimwishlist:item=4038592169&perks=981914802,2822142346,1583705720,2610012052
dimwishlist:item=4038592169&perks=981914802,2822142346,1583705720,2209918983
dimwishlist:item=4038592169&perks=981914802,2822142346,1583705720,2675361166
dimwishlist:item=4038592169&perks=981914802,2822142346,1583705720,4290541820
dimwishlist:item=4038592169&perks=981914802,2822142346,1583705720,2000295559
dimwishlist:item=4038592169&perks=981914802,2822142346,1583705720,4049631843
dimwishlist:item=4038592169&perks=981914802,2822142346,1583705720,3078487919
dimwishlist:item=4038592169&perks=981914802,2822142346,1583705720,3425386926
dimwishlist:item=4038592169&perks=981914802,2822142346,1583705720,859780267
dimwishlist:item=4038592169&perks=981914802,2822142346,1583705720,3744057135
dimwishlist:item=4038592169&perks=981914802,2822142346,1583705720,288411554
dimwishlist:item=4038592169&perks=981914802,2822142346,1583705720,598607952
dimwishlist:item=4038592169&perks=981914802,2822142346,1658784563,3592538738
dimwishlist:item=4038592169&perks=981914802,2822142346,1658784563,2610012052
dimwishlist:item=4038592169&perks=981914802,2822142346,1658784563,2209918983
dimwishlist:item=4038592169&perks=981914802,2822142346,1658784563,2675361166
dimwishlist:item=4038592169&perks=981914802,2822142346,1658784563,4290541820
dimwishlist:item=4038592169&perks=981914802,2822142346,1658784563,2000295559
dimwishlist:item=4038592169&perks=981914802,2822142346,1658784563,4049631843
dimwishlist:item=4038592169&perks=981914802,2822142346,1658784563,3078487919
dimwishlist:item=4038592169&perks=981914802,2822142346,1658784563,3425386926
dimwishlist:item=4038592169&perks=981914802,2822142346,1658784563,859780267
dimwishlist:item=4038592169&perks=981914802,2822142346,1658784563,3744057135
dimwishlist:item=4038592169&perks=981914802,2822142346,1658784563,288411554
dimwishlist:item=4038592169&perks=981914802,2822142346,1658784563,598607952
dimwishlist:item=4038592169&perks=981914802,2822142346,855168139,3592538738
dimwishlist:item=4038592169&perks=981914802,2822142346,855168139,2610012052
dimwishlist:item=4038592169&perks=981914802,2822142346,855168139,2209918983
dimwishlist:item=4038592169&perks=981914802,2822142346,855168139,2675361166
dimwishlist:item=4038592169&perks=981914802,2822142346,855168139,4290541820
dimwishlist:item=4038592169&perks=981914802,2822142346,855168139,2000295559
dimwishlist:item=4038592169&perks=981914802,2822142346,855168139,4049631843
dimwishlist:item=4038592169&perks=981914802,2822142346,855168139,3078487919
dimwishlist:item=4038592169&perks=981914802,2822142346,855168139,3425386926
dimwishlist:item=4038592169&perks=981914802,2822142346,855168139,859780267
dimwishlist:item=4038592169&perks=981914802,2822142346,855168139,3744057135
dimwishlist:item=4038592169&perks=981914802,2822142346,855168139,288411554
dimwishlist:item=4038592169&perks=981914802,2822142346,855168139,598607952
dimwishlist:item=4038592169&perks=981914802,2822142346,1409206216,3592538738
dimwishlist:item=4038592169&perks=981914802,2822142346,1409206216,2610012052
dimwishlist:item=4038592169&perks=981914802,2822142346,1409206216,2209918983
dimwishlist:item=4038592169&perks=981914802,2822142346,1409206216,2675361166
dimwishlist:item=4038592169&perks=981914802,2822142346,1409206216,4290541820
dimwishlist:item=4038592169&perks=981914802,2822142346,1409206216,2000295559
dimwishlist:item=4038592169&perks=981914802,2822142346,1409206216,4049631843
dimwishlist:item=4038592169&perks=981914802,2822142346,1409206216,3078487919
dimwishlist:item=4038592169&perks=981914802,2822142346,1409206216,3425386926
dimwishlist:item=4038592169&perks=981914802,2822142346,1409206216,859780267
dimwishlist:item=4038592169&perks=981914802,2822142346,1409206216,3744057135
dimwishlist:item=4038592169&perks=981914802,2822142346,1409206216,288411554
dimwishlist:item=4038592169&perks=981914802,2822142346,1409206216,598607952
dimwishlist:item=4038592169&perks=981914802,2822142346,2172504645,3592538738
dimwishlist:item=4038592169&perks=981914802,2822142346,2172504645,2610012052
dimwishlist:item=4038592169&perks=981914802,2822142346,2172504645,2209918983
dimwishlist:item=4038592169&perks=981914802,2822142346,2172504645,2675361166
dimwishlist:item=4038592169&perks=981914802,2822142346,2172504645,4290541820
dimwishlist:item=4038592169&perks=981914802,2822142346,2172504645,2000295559
dimwishlist:item=4038592169&perks=981914802,2822142346,2172504645,4049631843
dimwishlist:item=4038592169&perks=981914802,2822142346,2172504645,3078487919
dimwishlist:item=4038592169&perks=981914802,2822142346,2172504645,3425386926
dimwishlist:item=4038592169&perks=981914802,2822142346,2172504645,859780267
dimwishlist:item=4038592169&perks=981914802,2822142346,2172504645,3744057135
dimwishlist:item=4038592169&perks=981914802,2822142346,2172504645,288411554
dimwishlist:item=4038592169&perks=981914802,2822142346,2172504645,598607952
dimwishlist:item=4038592169&perks=981914802,2822142346,2010801679,3592538738
dimwishlist:item=4038592169&perks=981914802,2822142346,2010801679,2610012052
dimwishlist:item=4038592169&perks=981914802,2822142346,2010801679,2209918983
dimwishlist:item=4038592169&perks=981914802,2822142346,2010801679,2675361166
dimwishlist:item=4038592169&perks=981914802,2822142346,2010801679,4290541820
dimwishlist:item=4038592169&perks=981914802,2822142346,2010801679,2000295559
dimwishlist:item=4038592169&perks=981914802,2822142346,2010801679,4049631843
dimwishlist:item=4038592169&perks=981914802,2822142346,2010801679,3078487919
dimwishlist:item=4038592169&perks=981914802,2822142346,2010801679,3425386926
dimwishlist:item=4038592169&perks=981914802,2822142346,2010801679,859780267
dimwishlist:item=4038592169&perks=981914802,2822142346,2010801679,3744057135
dimwishlist:item=4038592169&perks=981914802,2822142346,2010801679,288411554
dimwishlist:item=4038592169&perks=981914802,2822142346,2010801679,598607952
dimwishlist:item=4038592169&perks=981914802,2822142346,3436462433,3592538738
dimwishlist:item=4038592169&perks=981914802,2822142346,3436462433,2610012052
dimwishlist:item=4038592169&perks=981914802,2822142346,3436462433,2209918983
dimwishlist:item=4038592169&perks=981914802,2822142346,3436462433,2675361166
dimwishlist:item=4038592169&perks=981914802,2822142346,3436462433,4290541820
dimwishlist:item=4038592169&perks=981914802,2822142346,3436462433,2000295559
dimwishlist:item=4038592169&perks=981914802,2822142346,3436462433,4049631843
dimwishlist:item=4038592169&perks=981914802,2822142346,3436462433,3078487919
dimwishlist:item=4038592169&perks=981914802,2822142346,3436462433,3425386926
dimwishlist:item=4038592169&perks=981914802,2822142346,3436462433,859780267
dimwishlist:item=4038592169&perks=981914802,2822142346,3436462433,3744057135
dimwishlist:item=4038592169&perks=981914802,2822142346,3436462433,288411554
dimwishlist:item=4038592169&perks=981914802,2822142346,3436462433,598607952
dimwishlist:item=4038592169&perks=981914802,2822142346,1172098417,3592538738
dimwishlist:item=4038592169&perks=981914802,2822142346,1172098417,2610012052
dimwishlist:item=4038592169&perks=981914802,2822142346,1172098417,2209918983
dimwishlist:item=4038592169&perks=981914802,2822142346,1172098417,2675361166
dimwishlist:item=4038592169&perks=981914802,2822142346,1172098417,4290541820
dimwishlist:item=4038592169&perks=981914802,2822142346,1172098417,2000295559
dimwishlist:item=4038592169&perks=981914802,2822142346,1172098417,4049631843
dimwishlist:item=4038592169&perks=981914802,2822142346,1172098417,3078487919
dimwishlist:item=4038592169&perks=981914802,2822142346,1172098417,3425386926
dimwishlist:item=4038592169&perks=981914802,2822142346,1172098417,859780267
dimwishlist:item=4038592169&perks=981914802,2822142346,1172098417,3744057135
dimwishlist:item=4038592169&perks=981914802,2822142346,1172098417,288411554
dimwishlist:item=4038592169&perks=981914802,2822142346,1172098417,598607952
dimwishlist:item=4038592169&perks=981914802,2822142346,3797647183,3592538738
dimwishlist:item=4038592169&perks=981914802,2822142346,3797647183,2610012052
dimwishlist:item=4038592169&perks=981914802,2822142346,3797647183,2209918983
dimwishlist:item=4038592169&perks=981914802,2822142346,3797647183,2675361166
dimwishlist:item=4038592169&perks=981914802,2822142346,3797647183,4290541820
dimwishlist:item=4038592169&perks=981914802,2822142346,3797647183,2000295559
dimwishlist:item=4038592169&perks=981914802,2822142346,3797647183,4049631843
dimwishlist:item=4038592169&perks=981914802,2822142346,3797647183,3078487919
dimwishlist:item=4038592169&perks=981914802,2822142346,3797647183,3425386926
dimwishlist:item=4038592169&perks=981914802,2822142346,3797647183,859780267
dimwishlist:item=4038592169&perks=981914802,2822142346,3797647183,3744057135
dimwishlist:item=4038592169&perks=981914802,2822142346,3797647183,288411554
dimwishlist:item=4038592169&perks=981914802,2822142346,3797647183,598607952
dimwishlist:item=4038592169&perks=981914802,2822142346,2658083589,3592538738
dimwishlist:item=4038592169&perks=981914802,2822142346,2658083589,2610012052
dimwishlist:item=4038592169&perks=981914802,2822142346,2658083589,2209918983
dimwishlist:item=4038592169&perks=981914802,2822142346,2658083589,2675361166
dimwishlist:item=4038592169&perks=981914802,2822142346,2658083589,4290541820
dimwishlist:item=4038592169&perks=981914802,2822142346,2658083589,2000295559
dimwishlist:item=4038592169&perks=981914802,2822142346,2658083589,4049631843
dimwishlist:item=4038592169&perks=981914802,2822142346,2658083589,3078487919
dimwishlist:item=4038592169&perks=981914802,2822142346,2658083589,3425386926
dimwishlist:item=4038592169&perks=981914802,2822142346,2658083589,859780267
dimwishlist:item=4038592169&perks=981914802,2822142346,2658083589,3744057135
dimwishlist:item=4038592169&perks=981914802,2822142346,2658083589,288411554
dimwishlist:item=4038592169&perks=981914802,2822142346,2658083589,598607952
dimwishlist:item=4038592169&perks=981914802,2822142346,843318450,3592538738
dimwishlist:item=4038592169&perks=981914802,2822142346,843318450,2610012052
dimwishlist:item=4038592169&perks=981914802,2822142346,843318450,2209918983
dimwishlist:item=4038592169&perks=981914802,2822142346,843318450,2675361166
dimwishlist:item=4038592169&perks=981914802,2822142346,843318450,4290541820
dimwishlist:item=4038592169&perks=981914802,2822142346,843318450,2000295559
dimwishlist:item=4038592169&perks=981914802,2822142346,843318450,4049631843
dimwishlist:item=4038592169&perks=981914802,2822142346,843318450,3078487919
dimwishlist:item=4038592169&perks=981914802,2822142346,843318450,3425386926
dimwishlist:item=4038592169&perks=981914802,2822142346,843318450,859780267
dimwishlist:item=4038592169&perks=981914802,2822142346,843318450,3744057135
dimwishlist:item=4038592169&perks=981914802,2822142346,843318450,288411554
dimwishlist:item=4038592169&perks=981914802,2822142346,843318450,598607952
dimwishlist:item=4038592169&perks=1441682018,2822142346,3096702027,3592538738
dimwishlist:item=4038592169&perks=1441682018,2822142346,3096702027,2610012052
dimwishlist:item=4038592169&perks=1441682018,2822142346,3096702027,2209918983
dimwishlist:item=4038592169&perks=1441682018,2822142346,3096702027,2675361166
dimwishlist:item=4038592169&perks=1441682018,2822142346,3096702027,4290541820
dimwishlist:item=4038592169&perks=1441682018,2822142346,3096702027,2000295559
dimwishlist:item=4038592169&perks=1441682018,2822142346,3096702027,4049631843
dimwishlist:item=4038592169&perks=1441682018,2822142346,3096702027,3078487919
dimwishlist:item=4038592169&perks=1441682018,2822142346,3096702027,3425386926
dimwishlist:item=4038592169&perks=1441682018,2822142346,3096702027,859780267
dimwishlist:item=4038592169&perks=1441682018,2822142346,3096702027,3744057135
dimwishlist:item=4038592169&perks=1441682018,2822142346,3096702027,288411554
dimwishlist:item=4038592169&perks=1441682018,2822142346,3096702027,598607952
dimwishlist:item=4038592169&perks=1441682018,2822142346,3108830275,3592538738
dimwishlist:item=4038592169&perks=1441682018,2822142346,3108830275,2610012052
dimwishlist:item=4038592169&perks=1441682018,2822142346,3108830275,2209918983
dimwishlist:item=4038592169&perks=1441682018,2822142346,3108830275,2675361166
dimwishlist:item=4038592169&perks=1441682018,2822142346,3108830275,4290541820
dimwishlist:item=4038592169&perks=1441682018,2822142346,3108830275,2000295559
dimwishlist:item=4038592169&perks=1441682018,2822142346,3108830275,4049631843
dimwishlist:item=4038592169&perks=1441682018,2822142346,3108830275,3078487919
dimwishlist:item=4038592169&perks=1441682018,2822142346,3108830275,3425386926
dimwishlist:item=4038592169&perks=1441682018,2822142346,3108830275,859780267
dimwishlist:item=4038592169&perks=1441682018,2822142346,3108830275,3744057135
dimwishlist:item=4038592169&perks=1441682018,2822142346,3108830275,288411554
dimwishlist:item=4038592169&perks=1441682018,2822142346,3108830275,598607952
dimwishlist:item=4038592169&perks=1441682018,2822142346,1583705720,3592538738
dimwishlist:item=4038592169&perks=1441682018,2822142346,1583705720,2610012052
dimwishlist:item=4038592169&perks=1441682018,2822142346,1583705720,2209918983
dimwishlist:item=4038592169&perks=1441682018,2822142346,1583705720,2675361166
dimwishlist:item=4038592169&perks=1441682018,2822142346,1583705720,4290541820
dimwishlist:item=4038592169&perks=1441682018,2822142346,1583705720,2000295559
dimwishlist:item=4038592169&perks=1441682018,2822142346,1583705720,4049631843
dimwishlist:item=4038592169&perks=1441682018,2822142346,1583705720,3078487919
dimwishlist:item=4038592169&perks=1441682018,2822142346,1583705720,3425386926
dimwishlist:item=4038592169&perks=1441682018,2822142346,1583705720,859780267
dimwishlist:item=4038592169&perks=1441682018,2822142346,1583705720,3744057135
dimwishlist:item=4038592169&perks=1441682018,2822142346,1583705720,288411554
dimwishlist:item=4038592169&perks=1441682018,2822142346,1583705720,598607952
dimwishlist:item=4038592169&perks=1441682018,2822142346,1658784563,3592538738
dimwishlist:item=4038592169&perks=1441682018,2822142346,1658784563,2610012052
dimwishlist:item=4038592169&perks=1441682018,2822142346,1658784563,2209918983
dimwishlist:item=4038592169&perks=1441682018,2822142346,1658784563,2675361166
dimwishlist:item=4038592169&perks=1441682018,2822142346,1658784563,4290541820
dimwishlist:item=4038592169&perks=1441682018,2822142346,1658784563,2000295559
dimwishlist:item=4038592169&perks=1441682018,2822142346,1658784563,4049631843
dimwishlist:item=4038592169&perks=1441682018,2822142346,1658784563,3078487919
dimwishlist:item=4038592169&perks=1441682018,2822142346,1658784563,3425386926
dimwishlist:item=4038592169&perks=1441682018,2822142346,1658784563,859780267
dimwishlist:item=4038592169&perks=1441682018,2822142346,1658784563,3744057135
dimwishlist:item=4038592169&perks=1441682018,2822142346,1658784563,288411554
dimwishlist:item=4038592169&perks=1441682018,2822142346,1658784563,598607952
dimwishlist:item=4038592169&perks=1441682018,2822142346,855168139,3592538738
dimwishlist:item=4038592169&perks=1441682018,2822142346,855168139,2610012052
dimwishlist:item=4038592169&perks=1441682018,2822142346,855168139,2209918983
dimwishlist:item=4038592169&perks=1441682018,2822142346,855168139,2675361166
dimwishlist:item=4038592169&perks=1441682018,2822142346,855168139,4290541820
dimwishlist:item=4038592169&perks=1441682018,2822142346,855168139,2000295559
dimwishlist:item=4038592169&perks=1441682018,2822142346,855168139,4049631843
dimwishlist:item=4038592169&perks=1441682018,2822142346,855168139,3078487919
dimwishlist:item=4038592169&perks=1441682018,2822142346,855168139,3425386926
dimwishlist:item=4038592169&perks=1441682018,2822142346,855168139,859780267
dimwishlist:item=4038592169&perks=1441682018,2822142346,855168139,3744057135
dimwishlist:item=4038592169&perks=1441682018,2822142346,855168139,288411554
dimwishlist:item=4038592169&perks=1441682018,2822142346,855168139,598607952
dimwishlist:item=4038592169&perks=1441682018,2822142346,1409206216,3592538738
dimwishlist:item=4038592169&perks=1441682018,2822142346,1409206216,2610012052
dimwishlist:item=4038592169&perks=1441682018,2822142346,1409206216,2209918983
dimwishlist:item=4038592169&perks=1441682018,2822142346,1409206216,2675361166
dimwishlist:item=4038592169&perks=1441682018,2822142346,1409206216,4290541820
dimwishlist:item=4038592169&perks=1441682018,2822142346,1409206216,2000295559
dimwishlist:item=4038592169&perks=1441682018,2822142346,1409206216,4049631843
dimwishlist:item=4038592169&perks=1441682018,2822142346,1409206216,3078487919
dimwishlist:item=4038592169&perks=1441682018,2822142346,1409206216,3425386926
dimwishlist:item=4038592169&perks=1441682018,2822142346,1409206216,859780267
dimwishlist:item=4038592169&perks=1441682018,2822142346,1409206216,3744057135
dimwishlist:item=4038592169&perks=1441682018,2822142346,1409206216,288411554
dimwishlist:item=4038592169&perks=1441682018,2822142346,1409206216,598607952
dimwishlist:item=4038592169&perks=1441682018,2822142346,2172504645,3592538738
dimwishlist:item=4038592169&perks=1441682018,2822142346,2172504645,2610012052
dimwishlist:item=4038592169&perks=1441682018,2822142346,2172504645,2209918983
dimwishlist:item=4038592169&perks=1441682018,2822142346,2172504645,2675361166
dimwishlist:item=4038592169&perks=1441682018,2822142346,2172504645,4290541820
dimwishlist:item=4038592169&perks=1441682018,2822142346,2172504645,2000295559
dimwishlist:item=4038592169&perks=1441682018,2822142346,2172504645,4049631843
dimwishlist:item=4038592169&perks=1441682018,2822142346,2172504645,3078487919
dimwishlist:item=4038592169&perks=1441682018,2822142346,2172504645,3425386926
dimwishlist:item=4038592169&perks=1441682018,2822142346,2172504645,859780267
dimwishlist:item=4038592169&perks=1441682018,2822142346,2172504645,3744057135
dimwishlist:item=4038592169&perks=1441682018,2822142346,2172504645,288411554
dimwishlist:item=4038592169&perks=1441682018,2822142346,2172504645,598607952
dimwishlist:item=4038592169&perks=1441682018,2822142346,2010801679,3592538738
dimwishlist:item=4038592169&perks=1441682018,2822142346,2010801679,2610012052
dimwishlist:item=4038592169&perks=1441682018,2822142346,2010801679,2209918983
dimwishlist:item=4038592169&perks=1441682018,2822142346,2010801679,2675361166
dimwishlist:item=4038592169&perks=1441682018,2822142346,2010801679,4290541820
dimwishlist:item=4038592169&perks=1441682018,2822142346,2010801679,2000295559
dimwishlist:item=4038592169&perks=1441682018,2822142346,2010801679,4049631843
dimwishlist:item=4038592169&perks=1441682018,2822142346,2010801679,3078487919
dimwishlist:item=4038592169&perks=1441682018,2822142346,2010801679,3425386926
dimwishlist:item=4038592169&perks=1441682018,2822142346,2010801679,859780267
dimwishlist:item=4038592169&perks=1441682018,2822142346,2010801679,3744057135
dimwishlist:item=4038592169&perks=1441682018,2822142346,2010801679,288411554
dimwishlist:item=4038592169&perks=1441682018,2822142346,2010801679,598607952
dimwishlist:item=4038592169&perks=1441682018,2822142346,3436462433,3592538738
dimwishlist:item=4038592169&perks=1441682018,2822142346,3436462433,2610012052
dimwishlist:item=4038592169&perks=1441682018,2822142346,3436462433,2209918983
dimwishlist:item=4038592169&perks=1441682018,2822142346,3436462433,2675361166
dimwishlist:item=4038592169&perks=1441682018,2822142346,3436462433,4290541820
dimwishlist:item=4038592169&perks=1441682018,2822142346,3436462433,2000295559
dimwishlist:item=4038592169&perks=1441682018,2822142346,3436462433,4049631843
dimwishlist:item=4038592169&perks=1441682018,2822142346,3436462433,3078487919
dimwishlist:item=4038592169&perks=1441682018,2822142346,3436462433,3425386926
dimwishlist:item=4038592169&perks=1441682018,2822142346,3436462433,859780267
dimwishlist:item=4038592169&perks=1441682018,2822142346,3436462433,3744057135
dimwishlist:item=4038592169&perks=1441682018,2822142346,3436462433,288411554
dimwishlist:item=4038592169&perks=1441682018,2822142346,3436462433,598607952
dimwishlist:item=4038592169&perks=1441682018,2822142346,1172098417,3592538738
dimwishlist:item=4038592169&perks=1441682018,2822142346,1172098417,2610012052
dimwishlist:item=4038592169&perks=1441682018,2822142346,1172098417,2209918983
dimwishlist:item=4038592169&perks=1441682018,2822142346,1172098417,2675361166
dimwishlist:item=4038592169&perks=1441682018,2822142346,1172098417,4290541820
dimwishlist:item=4038592169&perks=1441682018,2822142346,1172098417,2000295559
dimwishlist:item=4038592169&perks=1441682018,2822142346,1172098417,4049631843
dimwishlist:item=4038592169&perks=1441682018,2822142346,1172098417,3078487919
dimwishlist:item=4038592169&perks=1441682018,2822142346,1172098417,3425386926
dimwishlist:item=4038592169&perks=1441682018,2822142346,1172098417,859780267
dimwishlist:item=4038592169&perks=1441682018,2822142346,1172098417,3744057135
dimwishlist:item=4038592169&perks=1441682018,2822142346,1172098417,288411554
dimwishlist:item=4038592169&perks=1441682018,2822142346,1172098417,598607952
dimwishlist:item=4038592169&perks=1441682018,2822142346,3797647183,3592538738
dimwishlist:item=4038592169&perks=1441682018,2822142346,3797647183,2610012052
dimwishlist:item=4038592169&perks=1441682018,2822142346,3797647183,2209918983
dimwishlist:item=4038592169&perks=1441682018,2822142346,3797647183,2675361166
dimwishlist:item=4038592169&perks=1441682018,2822142346,3797647183,4290541820
dimwishlist:item=4038592169&perks=1441682018,2822142346,3797647183,2000295559
dimwishlist:item=4038592169&perks=1441682018,2822142346,3797647183,4049631843
dimwishlist:item=4038592169&perks=1441682018,2822142346,3797647183,3078487919
dimwishlist:item=4038592169&perks=1441682018,2822142346,3797647183,3425386926
dimwishlist:item=4038592169&perks=1441682018,2822142346,3797647183,859780267
dimwishlist:item=4038592169&perks=1441682018,2822142346,3797647183,3744057135
dimwishlist:item=4038592169&perks=1441682018,2822142346,3797647183,288411554
dimwishlist:item=4038592169&perks=1441682018,2822142346,3797647183,598607952
dimwishlist:item=4038592169&perks=1441682018,2822142346,2658083589,3592538738
dimwishlist:item=4038592169&perks=1441682018,2822142346,2658083589,2610012052
dimwishlist:item=4038592169&perks=1441682018,2822142346,2658083589,2209918983
dimwishlist:item=4038592169&perks=1441682018,2822142346,2658083589,2675361166
dimwishlist:item=4038592169&perks=1441682018,2822142346,2658083589,4290541820
dimwishlist:item=4038592169&perks=1441682018,2822142346,2658083589,2000295559
dimwishlist:item=4038592169&perks=1441682018,2822142346,2658083589,4049631843
dimwishlist:item=4038592169&perks=1441682018,2822142346,2658083589,3078487919
dimwishlist:item=4038592169&perks=1441682018,2822142346,2658083589,3425386926
dimwishlist:item=4038592169&perks=1441682018,2822142346,2658083589,859780267
dimwishlist:item=4038592169&perks=1441682018,2822142346,2658083589,3744057135
dimwishlist:item=4038592169&perks=1441682018,2822142346,2658083589,288411554
dimwishlist:item=4038592169&perks=1441682018,2822142346,2658083589,598607952
dimwishlist:item=4038592169&perks=1441682018,2822142346,843318450,3592538738
dimwishlist:item=4038592169&perks=1441682018,2822142346,843318450,2610012052
dimwishlist:item=4038592169&perks=1441682018,2822142346,843318450,2209918983
dimwishlist:item=4038592169&perks=1441682018,2822142346,843318450,2675361166
dimwishlist:item=4038592169&perks=1441682018,2822142346,843318450,4290541820
dimwishlist:item=4038592169&perks=1441682018,2822142346,843318450,2000295559
dimwishlist:item=4038592169&perks=1441682018,2822142346,843318450,4049631843
dimwishlist:item=4038592169&perks=1441682018,2822142346,843318450,3078487919
dimwishlist:item=4038592169&perks=1441682018,2822142346,843318450,3425386926
dimwishlist:item=4038592169&perks=1441682018,2822142346,843318450,859780267
dimwishlist:item=4038592169&perks=1441682018,2822142346,843318450,3744057135
dimwishlist:item=4038592169&perks=1441682018,2822142346,843318450,288411554
dimwishlist:item=4038592169&perks=1441682018,2822142346,843318450,598607952
dimwishlist:item=4038592169&perks=3798852852,2822142346,3096702027,3592538738
dimwishlist:item=4038592169&perks=3798852852,2822142346,3096702027,2610012052
dimwishlist:item=4038592169&perks=3798852852,2822142346,3096702027,2209918983
dimwishlist:item=4038592169&perks=3798852852,2822142346,3096702027,2675361166
dimwishlist:item=4038592169&perks=3798852852,2822142346,3096702027,4290541820
dimwishlist:item=4038592169&perks=3798852852,2822142346,3096702027,2000295559
dimwishlist:item=4038592169&perks=3798852852,2822142346,3096702027,4049631843
dimwishlist:item=4038592169&perks=3798852852,2822142346,3096702027,3078487919
dimwishlist:item=4038592169&perks=3798852852,2822142346,3096702027,3425386926
dimwishlist:item=4038592169&perks=3798852852,2822142346,3096702027,859780267
dimwishlist:item=4038592169&perks=3798852852,2822142346,3096702027,3744057135
dimwishlist:item=4038592169&perks=3798852852,2822142346,3096702027,288411554
dimwishlist:item=4038592169&perks=3798852852,2822142346,3096702027,598607952
dimwishlist:item=4038592169&perks=3798852852,2822142346,3108830275,3592538738
dimwishlist:item=4038592169&perks=3798852852,2822142346,3108830275,2610012052
dimwishlist:item=4038592169&perks=3798852852,2822142346,3108830275,2209918983
dimwishlist:item=4038592169&perks=3798852852,2822142346,3108830275,2675361166
dimwishlist:item=4038592169&perks=3798852852,2822142346,3108830275,4290541820
dimwishlist:item=4038592169&perks=3798852852,2822142346,3108830275,2000295559
dimwishlist:item=4038592169&perks=3798852852,2822142346,3108830275,4049631843
dimwishlist:item=4038592169&perks=3798852852,2822142346,3108830275,3078487919
dimwishlist:item=4038592169&perks=3798852852,2822142346,3108830275,3425386926
dimwishlist:item=4038592169&perks=3798852852,2822142346,3108830275,859780267
dimwishlist:item=4038592169&perks=3798852852,2822142346,3108830275,3744057135
dimwishlist:item=4038592169&perks=3798852852,2822142346,3108830275,288411554
dimwishlist:item=4038592169&perks=3798852852,2822142346,3108830275,598607952
dimwishlist:item=4038592169&perks=3798852852,2822142346,1583705720,3592538738
dimwishlist:item=4038592169&perks=3798852852,2822142346,1583705720,2610012052
dimwishlist:item=4038592169&perks=3798852852,2822142346,1583705720,2209918983
dimwishlist:item=4038592169&perks=3798852852,2822142346,1583705720,2675361166
dimwishlist:item=4038592169&perks=3798852852,2822142346,1583705720,4290541820
dimwishlist:item=4038592169&perks=3798852852,2822142346,1583705720,2000295559
dimwishlist:item=4038592169&perks=3798852852,2822142346,1583705720,4049631843
dimwishlist:item=4038592169&perks=3798852852,2822142346,1583705720,3078487919
dimwishlist:item=4038592169&perks=3798852852,2822142346,1583705720,3425386926
dimwishlist:item=4038592169&perks=3798852852,2822142346,1583705720,859780267
dimwishlist:item=4038592169&perks=3798852852,2822142346,1583705720,3744057135
dimwishlist:item=4038592169&perks=3798852852,2822142346,1583705720,288411554
dimwishlist:item=4038592169&perks=3798852852,2822142346,1583705720,598607952
dimwishlist:item=4038592169&perks=3798852852,2822142346,1658784563,3592538738
dimwishlist:item=4038592169&perks=3798852852,2822142346,1658784563,2610012052
dimwishlist:item=4038592169&perks=3798852852,2822142346,1658784563,2209918983
dimwishlist:item=4038592169&perks=3798852852,2822142346,1658784563,2675361166
dimwishlist:item=4038592169&perks=3798852852,2822142346,1658784563,4290541820
dimwishlist:item=4038592169&perks=3798852852,2822142346,1658784563,2000295559
dimwishlist:item=4038592169&perks=3798852852,2822142346,1658784563,4049631843
dimwishlist:item=4038592169&perks=3798852852,2822142346,1658784563,3078487919
dimwishlist:item=4038592169&perks=3798852852,2822142346,1658784563,3425386926
dimwishlist:item=4038592169&perks=3798852852,2822142346,1658784563,859780267
dimwishlist:item=4038592169&perks=3798852852,2822142346,1658784563,3744057135
dimwishlist:item=4038592169&perks=3798852852,2822142346,1658784563,288411554
dimwishlist:item=4038592169&perks=3798852852,2822142346,1658784563,598607952
dimwishlist:item=4038592169&perks=3798852852,2822142346,855168139,3592538738
dimwishlist:item=4038592169&perks=3798852852,2822142346,855168139,2610012052
dimwishlist:item=4038592169&perks=3798852852,2822142346,855168139,2209918983
dimwishlist:item=4038592169&perks=3798852852,2822142346,855168139,2675361166
dimwishlist:item=4038592169&perks=3798852852,2822142346,855168139,4290541820
dimwishlist:item=4038592169&perks=3798852852,2822142346,855168139,2000295559
dimwishlist:item=4038592169&perks=3798852852,2822142346,855168139,4049631843
dimwishlist:item=4038592169&perks=3798852852,2822142346,855168139,3078487919
dimwishlist:item=4038592169&perks=3798852852,2822142346,855168139,3425386926
dimwishlist:item=4038592169&perks=3798852852,2822142346,855168139,859780267
dimwishlist:item=4038592169&perks=3798852852,2822142346,855168139,3744057135
dimwishlist:item=4038592169&perks=3798852852,2822142346,855168139,288411554
dimwishlist:item=4038592169&perks=3798852852,2822142346,855168139,598607952
dimwishlist:item=4038592169&perks=3798852852,2822142346,1409206216,3592538738
dimwishlist:item=4038592169&perks=3798852852,2822142346,1409206216,2610012052
dimwishlist:item=4038592169&perks=3798852852,2822142346,1409206216,2209918983
dimwishlist:item=4038592169&perks=3798852852,2822142346,1409206216,2675361166
dimwishlist:item=4038592169&perks=3798852852,2822142346,1409206216,4290541820
dimwishlist:item=4038592169&perks=3798852852,2822142346,1409206216,2000295559
dimwishlist:item=4038592169&perks=3798852852,2822142346,1409206216,4049631843
dimwishlist:item=4038592169&perks=3798852852,2822142346,1409206216,3078487919
dimwishlist:item=4038592169&perks=3798852852,2822142346,1409206216,3425386926
dimwishlist:item=4038592169&perks=3798852852,2822142346,1409206216,859780267
dimwishlist:item=4038592169&perks=3798852852,2822142346,1409206216,3744057135
dimwishlist:item=4038592169&perks=3798852852,2822142346,1409206216,288411554
dimwishlist:item=4038592169&perks=3798852852,2822142346,1409206216,598607952
dimwishlist:item=4038592169&perks=3798852852,2822142346,2172504645,3592538738
dimwishlist:item=4038592169&perks=3798852852,2822142346,2172504645,2610012052
dimwishlist:item=4038592169&perks=3798852852,2822142346,2172504645,2209918983
dimwishlist:item=4038592169&perks=3798852852,2822142346,2172504645,2675361166
dimwishlist:item=4038592169&perks=3798852852,2822142346,2172504645,4290541820
dimwishlist:item=4038592169&perks=3798852852,2822142346,2172504645,2000295559
dimwishlist:item=4038592169&perks=3798852852,2822142346,2172504645,4049631843
dimwishlist:item=4038592169&perks=3798852852,2822142346,2172504645,3078487919
dimwishlist:item=4038592169&perks=3798852852,2822142346,2172504645,3425386926
dimwishlist:item=4038592169&perks=3798852852,2822142346,2172504645,859780267
dimwishlist:item=4038592169&perks=3798852852,2822142346,2172504645,3744057135
dimwishlist:item=4038592169&perks=3798852852,2822142346,2172504645,288411554
dimwishlist:item=4038592169&perks=3798852852,2822142346,2172504645,598607952
dimwishlist:item=4038592169&perks=3798852852,2822142346,2010801679,3592538738
dimwishlist:item=4038592169&perks=3798852852,2822142346,2010801679,2610012052
dimwishlist:item=4038592169&perks=3798852852,2822142346,2010801679,2209918983
dimwishlist:item=4038592169&perks=3798852852,2822142346,2010801679,2675361166
dimwishlist:item=4038592169&perks=3798852852,2822142346,2010801679,4290541820
dimwishlist:item=4038592169&perks=3798852852,2822142346,2010801679,2000295559
dimwishlist:item=4038592169&perks=3798852852,2822142346,2010801679,4049631843
dimwishlist:item=4038592169&perks=3798852852,2822142346,2010801679,3078487919
dimwishlist:item=4038592169&perks=3798852852,2822142346,2010801679,3425386926
dimwishlist:item=4038592169&perks=3798852852,2822142346,2010801679,859780267
dimwishlist:item=4038592169&perks=3798852852,2822142346,2010801679,3744057135
dimwishlist:item=4038592169&perks=3798852852,2822142346,2010801679,288411554
dimwishlist:item=4038592169&perks=3798852852,2822142346,2010801679,598607952
dimwishlist:item=4038592169&perks=3798852852,2822142346,3436462433,3592538738
dimwishlist:item=4038592169&perks=3798852852,2822142346,3436462433,2610012052
dimwishlist:item=4038592169&perks=3798852852,2822142346,3436462433,2209918983
dimwishlist:item=4038592169&perks=3798852852,2822142346,3436462433,2675361166
dimwishlist:item=4038592169&perks=3798852852,2822142346,3436462433,4290541820
dimwishlist:item=4038592169&perks=3798852852,2822142346,3436462433,2000295559
dimwishlist:item=4038592169&perks=3798852852,2822142346,3436462433,4049631843
dimwishlist:item=4038592169&perks=3798852852,2822142346,3436462433,3078487919
dimwishlist:item=4038592169&perks=3798852852,2822142346,3436462433,3425386926
dimwishlist:item=4038592169&perks=3798852852,2822142346,3436462433,859780267
dimwishlist:item=4038592169&perks=3798852852,2822142346,3436462433,3744057135
dimwishlist:item=4038592169&perks=3798852852,2822142346,3436462433,288411554
dimwishlist:item=4038592169&perks=3798852852,2822142346,3436462433,598607952
dimwishlist:item=4038592169&perks=3798852852,2822142346,1172098417,3592538738
dimwishlist:item=4038592169&perks=3798852852,2822142346,1172098417,2610012052
dimwishlist:item=4038592169&perks=3798852852,2822142346,1172098417,2209918983
dimwishlist:item=4038592169&perks=3798852852,2822142346,1172098417,2675361166
dimwishlist:item=4038592169&perks=3798852852,2822142346,1172098417,4290541820
dimwishlist:item=4038592169&perks=3798852852,2822142346,1172098417,2000295559
dimwishlist:item=4038592169&perks=3798852852,2822142346,1172098417,4049631843
dimwishlist:item=4038592169&perks=3798852852,2822142346,1172098417,3078487919
dimwishlist:item=4038592169&perks=3798852852,2822142346,1172098417,3425386926
dimwishlist:item=4038592169&perks=3798852852,2822142346,1172098417,859780267
dimwishlist:item=4038592169&perks=3798852852,2822142346,1172098417,3744057135
dimwishlist:item=4038592169&perks=3798852852,2822142346,1172098417,288411554
dimwishlist:item=4038592169&perks=3798852852,2822142346,1172098417,598607952
dimwishlist:item=4038592169&perks=3798852852,2822142346,3797647183,3592538738
dimwishlist:item=4038592169&perks=3798852852,2822142346,3797647183,2610012052
dimwishlist:item=4038592169&perks=3798852852,2822142346,3797647183,2209918983
dimwishlist:item=4038592169&perks=3798852852,2822142346,3797647183,2675361166
dimwishlist:item=4038592169&perks=3798852852,2822142346,3797647183,4290541820
dimwishlist:item=4038592169&perks=3798852852,2822142346,3797647183,2000295559
dimwishlist:item=4038592169&perks=3798852852,2822142346,3797647183,4049631843
dimwishlist:item=4038592169&perks=3798852852,2822142346,3797647183,3078487919
dimwishlist:item=4038592169&perks=3798852852,2822142346,3797647183,3425386926
dimwishlist:item=4038592169&perks=3798852852,2822142346,3797647183,859780267
dimwishlist:item=4038592169&perks=3798852852,2822142346,3797647183,3744057135
dimwishlist:item=4038592169&perks=3798852852,2822142346,3797647183,288411554
dimwishlist:item=4038592169&perks=3798852852,2822142346,3797647183,598607952
dimwishlist:item=4038592169&perks=3798852852,2822142346,2658083589,3592538738
dimwishlist:item=4038592169&perks=3798852852,2822142346,2658083589,2610012052
dimwishlist:item=4038592169&perks=3798852852,2822142346,2658083589,2209918983
dimwishlist:item=4038592169&perks=3798852852,2822142346,2658083589,2675361166
dimwishlist:item=4038592169&perks=3798852852,2822142346,2658083589,4290541820
dimwishlist:item=4038592169&perks=3798852852,2822142346,2658083589,2000295559
dimwishlist:item=4038592169&perks=3798852852,2822142346,2658083589,4049631843
dimwishlist:item=4038592169&perks=3798852852,2822142346,2658083589,3078487919
dimwishlist:item=4038592169&perks=3798852852,2822142346,2658083589,3425386926
dimwishlist:item=4038592169&perks=3798852852,2822142346,2658083589,859780267
dimwishlist:item=4038592169&perks=3798852852,2822142346,2658083589,3744057135
dimwishlist:item=4038592169&perks=3798852852,2822142346,2658083589,288411554
dimwishlist:item=4038592169&perks=3798852852,2822142346,2658083589,598607952
dimwishlist:item=4038592169&perks=3798852852,2822142346,843318450,3592538738
dimwishlist:item=4038592169&perks=3798852852,2822142346,843318450,2610012052
dimwishlist:item=4038592169&perks=3798852852,2822142346,843318450,2209918983
dimwishlist:item=4038592169&perks=3798852852,2822142346,843318450,2675361166
dimwishlist:item=4038592169&perks=3798852852,2822142346,843318450,4290541820
dimwishlist:item=4038592169&perks=3798852852,2822142346,843318450,2000295559
dimwishlist:item=4038592169&perks=3798852852,2822142346,843318450,4049631843
dimwishlist:item=4038592169&perks=3798852852,2822142346,843318450,3078487919
dimwishlist:item=4038592169&perks=3798852852,2822142346,843318450,3425386926
dimwishlist:item=4038592169&perks=3798852852,2822142346,843318450,859780267
dimwishlist:item=4038592169&perks=3798852852,2822142346,843318450,3744057135
dimwishlist:item=4038592169&perks=3798852852,2822142346,843318450,288411554
dimwishlist:item=4038592169&perks=3798852852,2822142346,843318450,598607952


